image_width: 640
image_height: 480
camera_name: narrow_stereo
camera_matrix:
  rows: 3
  cols: 3
  data: [968.88611,   0.     , 294.79292,
           0.     , 969.29252, 182.49446,
           0.     ,   0.     ,   1.     ]
distortion_model: plumb_bob
distortion_coefficients:
  rows: 1
  cols: 5
  data: [0.066600, 0.051418, -0.028928, -0.006226, 0.000000]
rectification_matrix:
  rows: 3
  cols: 3
  data: [1., 0., 0.,
         0., 1., 0.,
         0., 0., 1.]
projection_matrix:
  rows: 3
  cols: 4
  data: [986.4873 ,   0.     , 292.69534,   0.     ,
           0.     , 971.73926, 175.46796,   0.     ,
           0.     ,   0.     ,   1.     ,   0.     ]
