# oST version 5.0 parameters


[image]

width
640

height
480

[narrow_stereo]

camera matrix
968.886109 0.000000 294.792923
0.000000 969.292517 182.494455
0.000000 0.000000 1.000000

distortion
0.066600 0.051418 -0.028928 -0.006226 0.000000

rectification
1.000000 0.000000 0.000000
0.000000 1.000000 0.000000
0.000000 0.000000 1.000000

projection
986.487305 0.000000 292.695341 0.000000
0.000000 971.739258 175.467963 0.000000
0.000000 0.000000 1.000000 0.000000
