image_width: 640
image_height: 480
camera_name: narrow_stereo
camera_matrix:
  rows: 3
  cols: 3
  data: [972.0959 ,   0.     , 356.26214,
           0.     , 967.81887, 201.45825,
           0.     ,   0.     ,   1.     ]
distortion_model: plumb_bob
distortion_coefficients:
  rows: 1
  cols: 5
  data: [0.045376, 0.112919, -0.012361, 0.015214, 0.000000]
rectification_matrix:
  rows: 3
  cols: 3
  data: [1., 0., 0.,
         0., 1., 0.,
         0., 0., 1.]
projection_matrix:
  rows: 3
  cols: 4
  data: [981.13129,   0.     , 360.25172,   0.     ,
           0.     , 979.94794, 198.37395,   0.     ,
           0.     ,   0.     ,   1.     ,   0.     ]
