image_width: 640
image_height: 480
camera_name: narrow_stereo
camera_matrix:
  rows: 3
  cols: 3
  data: [982.33937,   0.     , 337.56683,
           0.     , 981.02199, 257.07838,
           0.     ,   0.     ,   1.     ]
distortion_model: plumb_bob
distortion_coefficients:
  rows: 1
  cols: 5
  data: [0.011671, 0.305092, 0.007025, 0.004928, 0.000000]
rectification_matrix:
  rows: 3
  cols: 3
  data: [1., 0., 0.,
         0., 1., 0.,
         0., 0., 1.]
projection_matrix:
  rows: 3
  cols: 4
  data: [992.30841,   0.     , 338.36536,   0.     ,
           0.     , 989.76801, 258.1428 ,   0.     ,
           0.     ,   0.     ,   1.     ,   0.     ]
