# oST version 5.0 parameters


[image]

width
640

height
480

[narrow_stereo]

camera matrix
972.095896 0.000000 356.262137
0.000000 967.818875 201.458255
0.000000 0.000000 1.000000

distortion
0.045376 0.112919 -0.012361 0.015214 0.000000

rectification
1.000000 0.000000 0.000000
0.000000 1.000000 0.000000
0.000000 0.000000 1.000000

projection
981.131287 0.000000 360.251717 0.000000
0.000000 979.947937 198.373952 0.000000
0.000000 0.000000 1.000000 0.000000
