image_width: 640
image_height: 480
camera_name: narrow_stereo/left
camera_matrix:
  rows: 3
  cols: 3
  data: [961.42795,   0.     , 307.28212,
           0.     , 960.13612, 224.58503,
           0.     ,   0.     ,   1.     ]
distortion_model: plumb_bob
distortion_coefficients:
  rows: 1
  cols: 5
  data: [0.013478, 0.309315, -0.010930, -0.000722, 0.000000]
rectification_matrix:
  rows: 3
  cols: 3
  data: [ 0.99922735,  0.01451388,  0.03652461,
         -0.01386312,  0.99974174, -0.01800761,
         -0.03677653,  0.01748736,  0.9991705 ]
projection_matrix:
  rows: 3
  cols: 4
  data: [1096.63098,    0.     ,  276.01011,    0.     ,
            0.     , 1096.63098,  218.49178,    0.     ,
            0.     ,    0.     ,    1.     ,    0.     ]
