image_width: 640
image_height: 480
camera_name: narrow_stereo/right
camera_matrix:
  rows: 3
  cols: 3
  data: [957.36716,   0.     , 307.94552,
           0.     , 955.1704 , 216.51091,
           0.     ,   0.     ,   1.     ]
distortion_model: plumb_bob
distortion_coefficients:
  rows: 1
  cols: 5
  data: [0.033377, 0.251508, -0.010012, 0.000131, 0.000000]
rectification_matrix:
  rows: 3
  cols: 3
  data: [ 0.99969767,  0.00829647,  0.0231459 ,
         -0.00870606,  0.9998063 ,  0.01765149,
         -0.02299497, -0.01784766,  0.99957626]
projection_matrix:
  rows: 3
  cols: 4
  data: [1096.63098,    0.     ,  276.01011, -114.71233,
            0.     , 1096.63098,  218.49178,    0.     ,
            0.     ,    0.     ,    1.     ,    0.     ]
