image_width: 640
image_height: 480
camera_name: narrow_stereo/left
camera_matrix:
  rows: 3
  cols: 3
  data: [962.11636,   0.     , 255.45006,
           0.     , 961.51259, 227.12787,
           0.     ,   0.     ,   1.     ]
distortion_model: plumb_bob
distortion_coefficients:
  rows: 1
  cols: 5
  data: [0.072848, -0.075086, -0.004360, -0.021565, 0.000000]
rectification_matrix:
  rows: 3
  cols: 3
  data: [ 0.99994268, -0.00641708, -0.00857118,
          0.00645292,  0.99997052,  0.00416099,
          0.00854422, -0.00421606,  0.99995461]
projection_matrix:
  rows: 3
  cols: 4
  data: [1078.92069,    0.     ,  260.33108,    0.     ,
            0.     , 1078.92069,  205.56584,    0.     ,
            0.     ,    0.     ,    1.     ,    0.     ]
