image_width: 640
image_height: 480
camera_name: narrow_stereo/left
camera_matrix:
  rows: 3
  cols: 3
  data: [965.761007904, 0, 313.713707139, 0, 964.692460129, 229.732502397, 0, 0, 1]
distortion_model: plumb_bob
distortion_coefficients:
  rows: 1
  cols: 5
  data: [0.0292132173652, 0.194033678987, -0.00422651351712, 0.00210856551654, 0]
rectification_matrix:
  rows: 3
  cols: 3
  data: [0.999774784781, -0.00148127690603, 0.0211703928727, 0.00181689181246, 0.999872847383, -0.0158425998513, -0.0211442337245, 0.0158774961702, 0.999650352121]
projection_matrix:
  rows: 3
  cols: 4
  data: [1102.91803964, 0, 279.488498688, 0, 0, 1102.91803964, 221.232961655, 0, 0, 0, 1, 0]
