image_width: 640
image_height: 480
camera_name: narrow_stereo/left
camera_matrix:
  rows: 3
  cols: 3
  data: [979.51909,   0.     , 329.38007,
           0.     , 977.03422, 279.48635,
           0.     ,   0.     ,   1.     ]
distortion_model: plumb_bob
distortion_coefficients:
  rows: 1
  cols: 5
  data: [0.037963, 0.178949, 0.011122, 0.003070, 0.000000]
rectification_matrix:
  rows: 3
  cols: 3
  data: [ 0.9981604 , -0.0069657 ,  0.06022704,
          0.00744199,  0.99994276, -0.0076876 ,
         -0.06017004,  0.00812167,  0.9981551 ]
projection_matrix:
  rows: 3
  cols: 4
  data: [1110.6448 ,    0.     ,  257.83189,    0.     ,
            0.     , 1110.6448 ,  272.08653,    0.     ,
            0.     ,    0.     ,    1.     ,    0.     ]
