# oST version 5.0 parameters


[image]

width
640

height
480

[narrow_stereo/left]

camera matrix
962.116357 0.000000 255.450055
0.000000 961.512587 227.127874
0.000000 0.000000 1.000000

distortion
0.072848 -0.075086 -0.004360 -0.021565 0.000000

rectification
0.999943 -0.006417 -0.008571
0.006453 0.999971 0.004161
0.008544 -0.004216 0.999955

projection
1078.920687 0.000000 260.331083 0.000000
0.000000 1078.920687 205.565842 0.000000
0.000000 0.000000 1.000000 0.000000
# oST version 5.0 parameters


[image]

width
640

height
480

[narrow_stereo/right]

camera matrix
960.272383 0.000000 280.999467
0.000000 962.424914 189.078610
0.000000 0.000000 1.000000

distortion
0.000603 0.547017 -0.017155 -0.011516 0.000000

rectification
0.999767 -0.014794 0.015707
0.014859 0.999881 -0.004072
-0.015645 0.004305 0.999868

projection
1078.920687 0.000000 260.331083 -218.958296
0.000000 1078.920687 205.565842 0.000000
0.000000 0.000000 1.000000 0.000000
