# oST version 5.0 parameters


[image]

width
640

height
480

[narrow_stereo/left]

camera matrix
979.519085 0.000000 329.380068
0.000000 977.034218 279.486346
0.000000 0.000000 1.000000

distortion
0.037963 0.178949 0.011122 0.003070 0.000000

rectification
0.998160 -0.006966 0.060227
0.007442 0.999943 -0.007688
-0.060170 0.008122 0.998155

projection
1110.644798 0.000000 257.831890 0.000000
0.000000 1110.644798 272.086533 0.000000
0.000000 0.000000 1.000000 0.000000
# oST version 5.0 parameters


[image]

width
640

height
480

[narrow_stereo/right]

camera matrix
970.713601 0.000000 328.232576
0.000000 967.540209 261.338808
0.000000 0.000000 1.000000

distortion
0.029363 0.217380 0.008376 0.002793 0.000000

rectification
0.997277 -0.014293 0.072342
0.013720 0.999871 0.008411
-0.072452 -0.007395 0.997344

projection
1110.644798 0.000000 257.831890 -116.419653
0.000000 1110.644798 272.086533 0.000000
0.000000 0.000000 1.000000 0.000000
