# oST version 5.0 parameters


[image]

width
640

height
480

[narrow_stereo/left]

camera matrix
961.427947 0.000000 307.282122
0.000000 960.136124 224.585032
0.000000 0.000000 1.000000

distortion
0.013478 0.309315 -0.010930 -0.000722 0.000000

rectification
0.999227 0.014514 0.036525
-0.013863 0.999742 -0.018008
-0.036777 0.017487 0.999170

projection
1096.630981 0.000000 276.010113 0.000000
0.000000 1096.630981 218.491776 0.000000
0.000000 0.000000 1.000000 0.000000
# oST version 5.0 parameters


[image]

width
640

height
480

[narrow_stereo/right]

camera matrix
957.367159 0.000000 307.945519
0.000000 955.170400 216.510915
0.000000 0.000000 1.000000

distortion
0.033377 0.251508 -0.010012 0.000131 0.000000

rectification
0.999698 0.008296 0.023146
-0.008706 0.999806 0.017651
-0.022995 -0.017848 0.999576

projection
1096.630981 0.000000 276.010113 -114.712326
0.000000 1096.630981 218.491776 0.000000
0.000000 0.000000 1.000000 0.000000
