image_width: 640
image_height: 480
camera_name: narrow_stereo/right
camera_matrix:
  rows: 3
  cols: 3
  data: [970.7136 ,   0.     , 328.23258,
           0.     , 967.54021, 261.33881,
           0.     ,   0.     ,   1.     ]
distortion_model: plumb_bob
distortion_coefficients:
  rows: 1
  cols: 5
  data: [0.029363, 0.217380, 0.008376, 0.002793, 0.000000]
rectification_matrix:
  rows: 3
  cols: 3
  data: [ 0.99727749, -0.01429286,  0.07234165,
          0.01371993,  0.9998705 ,  0.0084106 ,
         -0.07245249, -0.00739518,  0.99734445]
projection_matrix:
  rows: 3
  cols: 4
  data: [1110.6448 ,    0.     ,  257.83189, -116.41965,
            0.     , 1110.6448 ,  272.08653,    0.     ,
            0.     ,    0.     ,    1.     ,    0.     ]
