image_width: 640
image_height: 480
camera_name: narrow_stereo/right
camera_matrix:
  rows: 3
  cols: 3
  data: [963.461557064, 0, 310.281906939, 0, 961.99840051, 214.959087015, 0, 0, 1]
distortion_model: plumb_bob
distortion_coefficients:
  rows: 1
  cols: 5
  data: [0.00149421986801, 0.602201487186, -0.00672171556814, 0.00078671936958, 0]
rectification_matrix:
  rows: 3
  cols: 3
  data: [0.9990607716, -0.0120507525408, 0.0416215570841, 0.0113889238118, 0.999805493467, 0.0161017901908, -0.0418075001084, -0.0156126421896, 0.999003692855]
projection_matrix:
  rows: 3
  cols: 4
  data: [1102.91803964, 0, 279.488498688, -113.7218804, 0, 1102.91803964, 221.232961655, 0, 0, 0, 1, 0]
